 age(yr) M*(M_sun) L*(L_sun) T(K) R*(R_sun)
0 1.4998068980e+09 9.9999748390e-02 1.1357367361e-03 3.0401498664e+03 1.2148593568e-01
1 8.0536485296e+08 1.4999963688e-01 3.1779367065e-03 3.2998344326e+03 1.7249061633e-01
2 6.0774522753e+08 1.9999952305e-01 5.8899959650e-03 3.4651356805e+03 2.1295809925e-01
3 4.5909541675e+08 2.4999942948e-01 8.8497612143e-03 3.5387836077e+03 2.5028505323e-01
4 4.1369250659e+08 2.9999931498e-01 1.2155220224e-02 3.5896154240e+03 2.8507735636e-01
5 3.8546135993e+08 3.0999930146e-01 1.2873683312e-02 3.5997026977e+03 2.9173954135e-01
6 1.9951500839e+08 3.1999936949e-01 1.3814100231e-02 3.6088693352e+03 3.0067418159e-01
7 1.9417626444e+08 3.2999934942e-01 1.4643496213e-02 3.6200135888e+03 3.0766574140e-01
8 1.8321229824e+08 3.3999933237e-01 1.5600895363e-02 3.6319271550e+03 3.1548423019e-01
9 1.7900318402e+08 3.4999931164e-01 1.6584126525e-02 3.6442893223e+03 3.2307083659e-01
10 1.7968164881e+08 3.5999928742e-01 1.7594637589e-02 3.6569586719e+03 3.3046632470e-01
11 1.7287409142e+08 3.6999926789e-01 1.8785004474e-02 3.6706962180e+03 3.3891119508e-01
12 1.7385570706e+08 3.7999924258e-01 1.9965390457e-02 3.6846784285e+03 3.4675032156e-01
13 1.6724701759e+08 3.8999922251e-01 2.1375500743e-02 3.7002414368e+03 3.5577479441e-01
14 1.6441239015e+08 3.9999919931e-01 2.2849098404e-02 3.7164744075e+03 3.6462747768e-01
15 1.5773288470e+08 4.4999906802e-01 3.2116828182e-02 3.8122729997e+03 4.1084261979e-01
16 1.4857771601e+08 4.9999891966e-01 4.5271711854e-02 3.9308102165e+03 4.5880322107e-01
17 1.3245725136e+08 5.4999876622e-01 6.3862263912e-02 4.0749561388e+03 5.0705308598e-01
18 1.0830212427e+08 5.9999863170e-01 9.1185859544e-02 4.2619576696e+03 5.5388886753e-01
19 8.6345405606e+07 6.4999850768e-01 1.3017317455e-01 4.4976910072e+03 5.9423560275e-01
20 7.0693503121e+07 6.9999837743e-01 1.8413313119e-01 4.7687689662e+03 6.2868131986e-01
21 6.0142989262e+07 7.4999823137e-01 2.5386041565e-01 5.0271732707e+03 6.6424292465e-01
22 5.3563781205e+07 7.9999805625e-01 3.4214011418e-01 5.2659837075e+03 7.0278118824e-01
23 4.7216270938e+07 8.4999788054e-01 4.5493759896e-01 5.4918844456e+03 7.4509266217e-01
24 4.1957465607e+07 8.9999769203e-01 5.9333406550e-01 5.6961062783e+03 7.9098933215e-01
25 4.0969663042e+07 9.1999759283e-01 6.5559514884e-01 5.7701088389e+03 8.1026486553e-01
26 3.8078849354e+07 9.3999753908e-01 7.2388844307e-01 5.8433315822e+03 8.3021755305e-01
27 3.6807909538e+07 9.5999744662e-01 7.9544360661e-01 5.9111233996e+03 8.5043631805e-01
28 3.4867081191e+07 9.7999737393e-01 8.7315780514e-01 5.9776606696e+03 8.7128654279e-01
29 3.3003245230e+07 9.9999730240e-01 9.5631499740e-01 6.0417644329e+03 8.9258597599e-01
30 3.1735113566e+07 1.0199972126e+00 1.0446563023e+00 6.1024001231e+03 9.1445535245e-01
31 2.9347412280e+07 1.0399971700e+00 1.1410695598e+00 6.1646582620e+03 9.3651599497e-01
32 2.8416414144e+07 1.0599970718e+00 1.2414313635e+00 6.2211139535e+03 9.5918459649e-01
33 2.6671226566e+07 1.0799970137e+00 1.3503283452e+00 6.2790063818e+03 9.8200793109e-01
34 2.5156151377e+07 1.0999969508e+00 1.4667633399e+00 6.3358787673e+03 1.0051791186e+00
35 2.4180817573e+07 1.1199968626e+00 1.5887215947e+00 6.3897954264e+03 1.0285541084e+00
36 2.2645270833e+07 1.1399968127e+00 1.7216016922e+00 6.4453637784e+03 1.0523219382e+00
37 2.2001471312e+07 1.1599967101e+00 1.8587837940e+00 6.4973306018e+03 1.0760232616e+00
38 2.0740405086e+07 1.1799966537e+00 2.0061916560e+00 6.5507994807e+03 1.0997013298e+00
39 1.9777775991e+07 1.1999965813e+00 2.1623935639e+00 6.6033196239e+03 1.1236210944e+00
40 1.8883303489e+07 1.2199965083e+00 2.3275569508e+00 6.6555103735e+03 1.1475314076e+00
41 1.8418666005e+07 1.2399963997e+00 2.5031016950e+00 6.7085181221e+03 1.1712866807e+00
42 1.7399322924e+07 1.2599963478e+00 2.6857226166e+00 6.7600442336e+03 1.1948369786e+00
43 1.6704765816e+07 1.2799962689e+00 2.8811603741e+00 6.8132039438e+03 1.2183107897e+00
44 1.6082093336e+07 1.2999961862e+00 3.0866254366e+00 6.8671957349e+03 1.2412528685e+00
45 1.9941744556e+07 1.3199955035e+00 3.6561049977e+00 7.1044721064e+03 1.2621845360e+00
46 1.9182602662e+07 1.3399954047e+00 3.9274404562e+00 7.1905167178e+03 1.2770613352e+00
47 1.8403433125e+07 1.3599953164e+00 4.2124212545e+00 7.2812478011e+03 1.2898268901e+00
48 1.7543795581e+07 1.3799952513e+00 4.5154615492e+00 7.3753952539e+03 1.3015403227e+00
49 1.7063276148e+07 1.3999951297e+00 4.8174964111e+00 7.4846424347e+03 1.3054063983e+00
50 1.6317446667e+07 1.4199950637e+00 5.1503637806e+00 7.5888797889e+03 1.3129275389e+00
51 1.5800098841e+07 1.4399949622e+00 5.4818556745e+00 7.7008782472e+03 1.3154078720e+00
52 1.5266490882e+07 1.4599948705e+00 5.8309907760e+00 7.8115894477e+03 1.3184677437e+00
53 1.4871233877e+07 1.4799947545e+00 6.1744905191e+00 7.9233997737e+03 1.3187260302e+00
54 1.4347929599e+07 1.4999946723e+00 6.5552562947e+00 8.0316128559e+03 1.3224110145e+00
55 1.3978322988e+07 1.5199945595e+00 6.9228902887e+00 8.1402242110e+03 1.3229643536e+00
56 1.3612993580e+07 1.5399944492e+00 7.3038511187e+00 8.2469826690e+03 1.3239236625e+00
57 1.3095632766e+07 1.5599943829e+00 7.7426285664e+00 8.3525188131e+03 1.3288820645e+00
58 1.2690547360e+07 1.5799942930e+00 8.1723774912e+00 8.4568706883e+03 1.3317784457e+00
59 1.2557809443e+07 1.5999941304e+00 8.5254010971e+00 8.5555211192e+03 1.3290509404e+00
60 1.2207091137e+07 1.6199940322e+00 8.9689589300e+00 8.6560477272e+03 1.3317076211e+00
61 1.1779003452e+07 1.6399939625e+00 9.4626826027e+00 8.7577101017e+03 1.3362975086e+00
62 1.1397068813e+07 1.6599938847e+00 9.9633471160e+00 8.8575939320e+03 1.3404426866e+00
63 1.1086919677e+07 1.6799937886e+00 1.0456040191e+01 8.9547939297e+03 1.3435368474e+00
64 1.0851843434e+07 1.6999936708e+00 1.0928337455e+01 9.0478846914e+03 1.3454268373e+00
65 1.0574990203e+07 1.7199935707e+00 1.1446047142e+01 9.1420750800e+03 1.3486999768e+00
66 1.0388239812e+07 1.7399934412e+00 1.1939454660e+01 9.2313399274e+03 1.3509519756e+00
67 1.0159649357e+07 1.7599933293e+00 1.2474382638e+01 9.3213469968e+03 1.3543450732e+00
68 9.8177826253e+06 1.7799932660e+00 1.3085270544e+01 9.4158484935e+03 1.3594072496e+00
69 9.5475781629e+06 1.7999931796e+00 1.3689742380e+01 9.5074113239e+03 1.3637985459e+00
70 9.2666248194e+06 1.8199931023e+00 1.4321241585e+01 9.5982166097e+03 1.3686310677e+00
71 9.0444167122e+06 1.8399930040e+00 1.4944078380e+01 9.6859548874e+03 1.3728618495e+00
72 8.9329179308e+06 1.8599928580e+00 1.5529662640e+01 9.7675917216e+03 1.3762051117e+00
73 8.6025033201e+06 1.8799928173e+00 1.6258700356e+01 9.8593406779e+03 1.3820517938e+00
74 8.4851287425e+06 1.8999926786e+00 1.6893199604e+01 9.9401361419e+03 1.3859528113e+00
75 8.1969811851e+06 1.9199926282e+00 1.7648805099e+01 1.0029104419e+04 1.3915874379e+00
76 8.0556552099e+06 1.9399925063e+00 1.8344653629e+01 1.0110089391e+04 1.3961173336e+00
77 7.8054756438e+06 1.9599924464e+00 1.9130929812e+01 1.0196302509e+04 1.4017151512e+00
78 7.6907814113e+06 1.9799923152e+00 1.9861439148e+01 1.0274857824e+04 1.4064712755e+00
79 7.5248734802e+06 1.9999922153e+00 2.0648575978e+01 1.0356301871e+04 1.4116037493e+00
80 7.2736775389e+06 2.0199921703e+00 2.1510510003e+01 1.0441090693e+04 1.4174598612e+00
81 7.1345021290e+06 2.0399920617e+00 2.2330779606e+01 1.0520058886e+04 1.4226325896e+00
82 7.0002358668e+06 2.0599919522e+00 2.3177994771e+01 1.0598121719e+04 1.4280955843e+00
83 6.8610980586e+06 2.0799918486e+00 2.4055336017e+01 1.0676596484e+04 1.4335644009e+00
84 6.7834159194e+06 2.0999917056e+00 2.4937846360e+01 1.0752485556e+04 1.4390930937e+00
85 6.4982383730e+06 2.1199917097e+00 2.5932913848e+01 1.0835670623e+04 1.4450777712e+00
86 6.3656185972e+06 2.1399916118e+00 2.6882085423e+01 1.0912265538e+04 1.4507039032e+00
87 6.2443687115e+06 2.1599915082e+00 2.7856951004e+01 1.0988243104e+04 1.4564226486e+00
88 6.1544966606e+06 2.1799913828e+00 2.8845633645e+01 1.1062923278e+04 1.4621010630e+00
89 6.1131567269e+06 2.1999912200e+00 2.9856823180e+01 1.1136455127e+04 1.4679288545e+00
90 5.9830380813e+06 2.2199911292e+00 3.0917575592e+01 1.1211791172e+04 1.4737705287e+00
91 5.8543242687e+06 2.2399910407e+00 3.2002489430e+01 1.1286304087e+04 1.4796722840e+00
92 5.7322111841e+06 2.2599909495e+00 3.3116432659e+01 1.1360612038e+04 1.4855780298e+00
93 5.5277551577e+06 2.2799909356e+00 3.4279437468e+01 1.1435628590e+04 1.4916739721e+00
94 5.3950318647e+06 2.2999908632e+00 3.5454201182e+01 1.1509339428e+04 1.4976495765e+00
95 5.3569150019e+06 2.3199907052e+00 3.6630253564e+01 1.1580231228e+04 1.5037050289e+00
96 5.2370719746e+06 2.3399906259e+00 3.7857122435e+01 1.1652674888e+04 1.5097314166e+00
97 5.1137959720e+06 2.3599905542e+00 3.9106526831e+01 1.1724275616e+04 1.5157575384e+00
98 5.0079573144e+06 2.3799904687e+00 4.0391647257e+01 1.1796066487e+04 1.5217682235e+00
99 4.8819746159e+06 2.3999904071e+00 4.1703131256e+01 1.1866733136e+04 1.5279147833e+00
100 4.8305389727e+06 2.4199902694e+00 4.3031737591e+01 1.1936299768e+04 1.5340240181e+00
101 4.7146917552e+06 2.4399902040e+00 4.4407565791e+01 1.2006518723e+04 1.5401798285e+00
102 4.6085344869e+06 2.4599901319e+00 4.5814058715e+01 1.2076454326e+04 1.5463138646e+00
103 4.5892349688e+06 2.4799899611e+00 4.7223227466e+01 1.2144275370e+04 1.5524290914e+00
104 4.4733168239e+06 2.4999899057e+00 4.8685941773e+01 1.2212984621e+04 1.5586023238e+00
105 4.3038644370e+06 2.5199899217e+00 5.0213695289e+01 1.2283369560e+04 1.5647797130e+00
106 4.2072666140e+06 2.5399898537e+00 5.1749535870e+01 1.2351981648e+04 1.5709309865e+00
107 4.1850822565e+06 2.5599896914e+00 5.3263708876e+01 1.2417246936e+04 1.5770382195e+00
108 4.1704803103e+06 2.5799895178e+00 5.4840856867e+01 1.2483336000e+04 1.5833172667e+00
109 4.0442084858e+06 2.5999894970e+00 5.6461856708e+01 1.2550285004e+04 1.5894524983e+00
110 3.9082112700e+06 2.6199894963e+00 5.8144461177e+01 1.2618512007e+04 1.5955669676e+00
111 3.8223681537e+06 2.6399894299e+00 5.9854423816e+01 1.2685355227e+04 1.6018432406e+00
112 3.7874348000e+06 2.6599892912e+00 6.1532956091e+01 1.2749088467e+04 1.6079508604e+00
113 3.7190300515e+06 2.6799892041e+00 6.3281493268e+01 1.2814226672e+04 1.6141010036e+00
114 3.6850995887e+06 2.6999890655e+00 6.5054352896e+01 1.2878296194e+04 1.6203114984e+00
115 3.6439150263e+06 2.7199889386e+00 6.6872196193e+01 1.2942638969e+04 1.6265007643e+00
116 3.5091159795e+06 2.7399889656e+00 6.8761590548e+01 1.3008558432e+04 1.6326450091e+00
117 3.4609233903e+06 2.7599888562e+00 7.0657926778e+01 1.3072329896e+04 1.6388967682e+00
118 3.3682973378e+06 2.7799888244e+00 7.2616381747e+01 1.3137298459e+04 1.6450621946e+00
119 3.2993678369e+06 2.7999887557e+00 7.4609038682e+01 1.3201247990e+04 1.6513643143e+00
120 2.8583199581e+06 2.9999877312e+00 9.6242297457e+01 1.3812553942e+04 1.7132161863e+00
121 2.3907814622e+06 3.1999869840e+00 1.2211287250e+02 1.4404294273e+04 1.7744914268e+00
122 2.0651676022e+06 3.3999860871e+00 1.5230999830e+02 1.4969028649e+04 1.8350762717e+00
123 1.7800479862e+06 3.5999852553e+00 1.8745491132e+02 1.5515719446e+04 1.8948800686e+00
124 1.5797743599e+06 3.7999842619e+00 2.2742099186e+02 1.6036812853e+04 1.9536929291e+00
125 1.3845202850e+06 3.9999834006e+00 2.7326525624e+02 1.6546385138e+04 2.0116994784e+00
126 1.2425088813e+06 4.1999823867e+00 3.2489371685e+02 1.7038031353e+04 2.0687546261e+00
127 1.1149192346e+06 4.3999814096e+00 3.8273060905e+02 1.7514086473e+04 2.1249502720e+00
128 1.0065299987e+06 4.5999803795e+00 4.4697943789e+02 1.7974393947e+04 2.1802807120e+00
129 9.2096600272e+05 4.7999792709e+00 5.1819417466e+02 1.8422504082e+04 2.2347353175e+00
130 8.2115176632e+05 4.9999784308e+00 5.9731857502e+02 1.8864028468e+04 2.2882911242e+00
131 7.6039224668e+05 5.1999772695e+00 6.8331950156e+02 1.9286345622e+04 2.3414730813e+00
132 6.8903749043e+05 5.3999763485e+00 7.7804026173e+02 1.9704583828e+04 2.3935563393e+00
133 6.3533808523e+05 5.5999752917e+00 8.8066543166e+02 2.0109267232e+04 2.4450634630e+00
134 5.7859101659e+05 5.7999743867e+00 9.9247641423e+02 2.0507307415e+04 2.4958585355e+00
135 5.4629954546e+05 5.9999731389e+00 1.1119138858e+03 2.0889622584e+04 2.5459597998e+00
136 5.0918752434e+05 6.1999720544e+00 1.2410624322e+03 2.1266005931e+04 2.5953868839e+00
137 4.6199028495e+05 6.3999712838e+00 1.3818856637e+03 2.1642322812e+04 2.6442679836e+00
138 4.2901740268e+05 6.5999703010e+00 1.5313265471e+03 2.2005353736e+04 2.6924915529e+00
139 4.0418668833e+05 6.7999691820e+00 1.6898279206e+03 2.2357284481e+04 2.7400613519e+00
140 3.7842417697e+05 6.9999681580e+00 1.8595570409e+03 2.2704579056e+04 2.7871156861e+00
141 3.6104265240e+05 7.1999669499e+00 2.0382605875e+03 2.3040242638e+04 2.8335632347e+00
142 3.3819873849e+05 7.3999659696e+00 2.2298089460e+03 2.3374801931e+04 2.8794868526e+00
143 3.2095869631e+05 7.5999648487e+00 2.4315875548e+03 2.3700398694e+04 2.9248985312e+00
144 3.0411009603e+05 7.7999637825e+00 2.6449301788e+03 2.4019968601e+04 2.9698833218e+00
145 2.8143443571e+05 7.9999630325e+00 2.8735994949e+03 2.4341741547e+04 3.0143034992e+00
146 2.2270643181e+05 8.9999539230e+00 4.1809067889e+03 2.5828652593e+04 3.2293037218e+00
147 1.7131924801e+05 9.9996103755e+00 5.8158046653e+03 2.7207378540e+04 3.4324850932e+00
148 1.4588930451e+05 1.0999496336e+01 7.7809413790e+03 2.8463277879e+04 3.6276334553e+00
149 1.2323708330e+05 1.1999350357e+01 1.0119476402e+04 2.9639706292e+04 3.8151215716e+00
150 1.0374135790e+05 1.2999179479e+01 1.2841516410e+04 3.0744749815e+04 3.9943248392e+00
151 9.3014627754e+04 1.3998971281e+01 1.5914790400e+04 3.1758233691e+04 4.1673975646e+00
152 8.4441753952e+04 1.4998727530e+01 1.9376201825e+04 3.2708827746e+04 4.3349242966e+00
153 7.7103945796e+04 1.5998450445e+01 2.3228460364e+04 3.3603561800e+04 4.4969363341e+00
154 6.8927563625e+04 1.6998151134e+01 2.7505023652e+04 3.4455427427e+04 4.6544447555e+00
155 6.1922517207e+04 1.7997820968e+01 3.2180726251e+04 3.5261902952e+04 4.8068833267e+00
156 5.9278939141e+04 1.8997411977e+01 3.7179835090e+04 3.6005471902e+04 4.9555728747e+00
157 5.2785383414e+04 1.9997035596e+01 4.2671848783e+04 3.6735985987e+04 5.0999331148e+00
158 4.8335395221e+04 2.1996028078e+01 5.4602828343e+04 3.8047400024e+04 5.3781728089e+00
159 4.2589575897e+04 2.3994931003e+01 6.8124474380e+04 3.9251252746e+04 5.6444507739e+00
160 3.7899515923e+04 2.5993691371e+01 8.3111871357e+04 4.0347671820e+04 5.9002677940e+00
161 3.4550422402e+04 2.7992269608e+01 9.9479071678e+04 4.1347911231e+04 6.1466129081e+00
162 3.1870925382e+04 2.9990670063e+01 1.1718539842e+05 4.2261952253e+04 6.3857923548e+00
163 2.9924715329e+04 3.1988936883e+01 1.3612620838e+05 4.3099723252e+04 6.6175779116e+00
164 2.7940454803e+04 3.3987108787e+01 1.5636537163e+05 4.3877169418e+04 6.8433733977e+00
165 2.6225773689e+04 3.5985212596e+01 1.7780716527e+05 4.4597911664e+04 7.0635453097e+00
166 2.4632971450e+04 3.7983351532e+01 2.0042537433e+05 4.5274142716e+04 7.2770110239e+00
167 2.3763720859e+04 3.9981312164e+01 2.2398900634e+05 4.5897548694e+04 7.4853398193e+00
168 2.1530210185e+04 4.4976736027e+01 2.8750020141e+05 4.7298775599e+04 7.9853955201e+00
169 2.0580245071e+04 4.9972130891e+01 3.5678820069e+05 4.8491508848e+04 8.4635194866e+00
170 1.8757019021e+04 5.4968536890e+01 4.3160334855e+05 4.9546893979e+04 8.9163413421e+00
171 1.6861588665e+04 5.9965435529e+01 5.1137946900e+05 5.0483792931e+04 9.3485626463e+00
172 1.6839359337e+04 6.4960504843e+01 5.9417780452e+05 5.1287925716e+04 9.7634902034e+00
173 1.6110038515e+04 6.9956804364e+01 6.8151797290e+05 5.2019983466e+04 1.0164251190e+01
174 1.5187733130e+04 7.4955035876e+01 7.7259429316e+05 5.2688390780e+04 1.0549285141e+01
175 1.3347190215e+04 7.9955607441e+01 8.6800986624e+05 5.3320369489e+04 1.0918253726e+01
176 1.3704886205e+04 8.4950002385e+01 9.6430725220e+05 5.3856574231e+04 1.1279956346e+01
177 1.2007293763e+04 8.9949265993e+01 1.0657672154e+06 5.4384461408e+04 1.1629436366e+01
178 1.1711511115e+04 9.4945143311e+01 1.1681342454e+06 5.4847348240e+04 1.1970499144e+01
179 1.1189773045e+04 9.9942296321e+01 1.2734083156e+06 5.5270568504e+04 1.2307593099e+01
180 1.0726135416e+04 1.0493990214e+02 1.3809094617e+06 5.5660590713e+04 1.2637586251e+01
181 1.0267485472e+04 1.0993881894e+02 1.4905138207e+06 5.6024174026e+04 1.2959678598e+01
182 9.8834926151e+03 1.1493848043e+02 1.6021188924e+06 5.6359840083e+04 1.3276543377e+01
183 9.6285220138e+03 1.1993882766e+02 1.7153582679e+06 5.6671474849e+04 1.3587061527e+01
184 9.5249286748e+03 1.2493346041e+02 1.8300054150e+06 5.6957697749e+04 1.3893078394e+01
185 9.1011396758e+03 1.2993001880e+02 1.9470259200e+06 5.7226085901e+04 1.4196292334e+01
186 8.9059627378e+03 1.3492552204e+02 2.0651409146e+06 5.7474536101e+04 1.4494426906e+01
187 8.1749420856e+03 1.3992494085e+02 2.1859214112e+06 5.7716295565e+04 1.4787594284e+01
188 7.8728516644e+03 1.4492221565e+02 2.3073234593e+06 5.7943763779e+04 1.5073634819e+01
189 7.2203872654e+03 1.4992379994e+02 2.4307934457e+06 5.8172913555e+04 1.5350041327e+01
190 6.9226032963e+03 1.7491042211e+02 3.0603789741e+06 5.9115340275e+04 1.6678783426e+01
191 6.1206450605e+03 1.9990186971e+02 3.7175799144e+06 5.9849177198e+04 1.7934568842e+01
192 6.0341770455e+03 2.2488369499e+02 4.3933131112e+06 6.0437344458e+04 1.9118881569e+01
193 5.8282772729e+03 2.4986860698e+02 5.0854650936e+06 6.0918818387e+04 2.0246014761e+01
194 5.3576775486e+03 2.7485898160e+02 5.7951554101e+06 6.1326846255e+04 2.1325952253e+01
195 5.2326261822e+03 2.9984279827e+02 6.5155946359e+06 6.1672086466e+04 2.2360262497e+01
